66
2501
13
9582
5212
694
5094
491
2377
6843
9945
5473
8640
5977
4088
8764
2288
3385
2852
4242
1790
230
7220
6310
3248
6021
3491
3766
3686
9016
6517
2606
6836
4891
3104
9848
2228
5561
3681
9749
1606
890
7082
9285
4420
4148
4267
585
7955
11
6772
1821
9164
7972
5316
8933
978
8978
6596
5699
1152
2388
249
4313
3735
6192
1742
1472
5271
5991
6167
8234
2019
1117
949
4058
1895
3137
9874
8547
2172
7727
5703
9214
7020
9617
9681
3726
2441
9485
3883
4880
3043
5237
5978
202
8902
245
9228
1510
7489
9257
6670
7919
8235
5020
345
9969
409
5976
2972
3429
4825
7387
1925
4322
8597
3603
9257
8348
6122
5029
9379
2581
2227
9254
5880
7169
9772
328
8074
5515
7781
1153
6727
4331
4674
3159
5252
729
9777
67
33
5799
8184
1328
8364
7805
4700
3970
8827
3383
8112
7628
8096
650
8824
9737
2027
2887
7511
9955
2481
749
6044
270
2738
3561
5189
2196
9065
8502
6482
4894
4908
3642
8969
6334
3721
6411
4579
3302
9681
4324
9280
6294
4366
2260
3228
3732
582
8087
1612
1794
2018
4363
875
3448
4799
3098
636
9122
3174
2876
7822
6956
9991
8922
1074
2854
6015
1263
1004
2410
8664
228
1989
39
4269
2714
2864
4205
3317
1061
3152
2050
7591
2031
1816
2970
1469
7014
214
9055
526
7581
5917
4590
4107
3515
2004
8569
7274
5128
3239
2092
187
2081
370
2624
3274
8824
7765
2550
1344
4387
2796
4157
6641
4716
626
4004
5467
2377
1783
1459
9736
6931
2996
3028
339
8218
9910
2863
9171
7714
7629
5998
8186
7034
6547
7160
7195
6959
9070
7837
9370
1230
2660
8495
1177
9043
9859
9871
2758
4736
8920
4981
8255
187
566
6579
6397
8827
6573
8974
4730
9530
8060
4542
6707
9070
6402
8597
4116
4433
8965
6832
715
2905
7689
1785
2222
4695
4226
8635
8949
5094
5199
7476
8834
8162
5767
8151
5958
54
7018
4659
5631
2709
2669
3546
6830
6031
2598
3981
948
8094
4270
262
8138
7855
8200
1456
2335
2465
5968
6957
7227
8980
342
7680
5411
3266
612
2825
7181
3768
387
2337
9193
8094
2861
8083
6830
4076
4499
9853
2680
4256
4098
4474
4877
7862
3378
9741
9852
7796
2379
2526
5499
3543
9587
5253
1369
4157
5150
8462
5899
5556
6887
8660
5076
1699
832
7824
5116
3721
3215
9034
4633
3837
9964
1145
9213
9356
3031
9876
8611
9295
6102
8653
3452
5982
1433
8719
8707
9477
2613
7527
416
2409
3763
1901
9593
6675
1670
3519
7287
1232
1378
1506
5187
3532
1349
3933
2682
3061
1112
6828
8462
5917
8904
4376
9248
2643
4870
5999
58
9533
6533
534
1315
4111
3952
7541
861
2244
7942
8802
6870
2459
1282
2705
490
1189
4035
4633
1184
7988
723
9235
3150
3638
337
385
4792
9123
4821
4945
689
6339
3281
3810
5324
5165
819
5719
7348
6272
6287
3245
9225
1302
4994
7184
4234
617
4088
7604
1537
643
8049
5074
8806
5685
7750
6451
5899
307
745
1350
7420
8384
9949
6245
8338
4922
9814
2883
8276
5419
8780
6332
5217
3972
5837
7806
5498
4543
1036
9800
5787
1668
8401
909
6616
602
3884
3591
3176
4652
8618
1454
6827
5085
6315
1344
2674
7804
29
7186
2121
6338
9366
9564
9169
2192
3566
2702
5680
5791
6516
7374
7091
6682
9204
2758
2602
5642
6355
1860
9164
3477
2693
5317
3077
3251
1614
3486
7476
2666
9940
7390
4147
7775
6951
6172
8305
9587
1411
1118
7953
9271
2154
2170
8296
8550
7149
699
7065
2326
4309
9591
7746
5054
9789
4782
6819
526
3378
28
2655
1978
3273
9980
9572
9805
8248
1294
3092
4981
6653
3273
1554
1303
5960
4073
9787
6963
6882
751
1491
3449
5031
4380
8928
8913
3997
1209
7270
7656
4713
7707
1837
7176
8072
2175
6666
1425
5874
9541
7043
3805
8488
8627
7689
9363
9547
5277
1213
5984
3273
3771
9188
3155
5009
3646
1013
8687
3869
8670
824
8540
3881
1529
575
2641
2259
5374
6282
891
8672
7510
2964
9076
7553
4448
5521
5416
6817
6096
3560
2238
4471
2458
2664
1276
4227
2739
2041
1547
2595
2221
3325
5547
1584
8897
8764
3001
9981
175
8175
7114
4865
8109
1682
9005
2130
7548
5640
8675
4912
511
3463
2287
545
1415
270
3895
1132
8480
9240
3254
789
7799
6937
9377
1572
8299
4703
3638
4914
7872
4389
8620
9430
9053
478
6702
4158
8791
831
4276
4665
6515
5180
8832
1474
1112
6085
4066
7097
9089
5936
7964
7725
9694
620
5231
5706
7722
9028
1083
7248
3744
1399
6818
7165
6386
1390
9629
4179
8059
8256
1690
4030
9202
4049
475
7357
8177
4599
5434
6318
7238
7434
4438
6163
5641
3183
8459
6167
4469
6089
5351
9531
9167
1493
5784
7349
1497
7799
927
5752
8733
5270
2646
2491
4385
1777
4025
7975
1933
2105
5279
9444
7374
8893
9931
2451
1008
9220
685
8528
1240
7933
8084
8854
445
5007
8552
8839
6058
9145
954
8770
4237
8518
2
6388
8952
9392
1427
8724
9337
6650
767
7021
1710
4771
3789
3090
1099
8150
8890
2493
6024
8560
7345
5737
8319
7782
8256
4151
8629
1626
4779
9323
2850
7743
9645
4802
2606
1957
8883
1522
6985
8231
2910
2947
2138
4213
5645
8816
5495
4543
2044
3401
2678
7686
3991
3619
9640
9152
3445
8257
4675
6563
5033
5160
120
9552
6747
8857
2506
5447
2269
2825
7308
7716
6836
2446
9509
6893
1401
7441
3018
4804
2885
7869
7904
7833
6148
1829
2761
8345
4381
3728
6539
1858
7728
6321
4941
8148
2542
8624
6978
8794
8917
6891
4020
6973
5293
9148
5387
2535
5891
5737
4616
551
9793
8525
8687
8173
7738
5853
9606
9987
1827
495
4355
6598
811
8841
826
5552
485
9614
6677
4589
5696
6358
1285
4543
9570
3000
2398
5568
2372
9259
4431
5721
1350
9906
5212
9065
5457
4904
212
4329
4860
7757
9908
1376
9464
9094
4458
9718
3491
6449
812
5536
5251
8733
5629
6034
7593
297
1275
7674
9900
3244
1912
8493
401
5641
3027
7298
2070
3740
2794
8362
8739
3627
1798
5231
2386
2109
1509
4652
4426
5983
6658
6632
7099
2294
1480
7379
3352
9026
5316
1190
6327
8184
3543
3887
2991
8471
3642
8410
2987
3861
532
3777
1817
8679
2073
1315
3804
5902
7589
4468
3650
5568
4922
2519
8761
2404
4216
6149
3232
6475
8874
5596
569
6637
307
8176
5759
8720
8959
3596
7438
7593
5728
7363
8789
4718
3395
5871
1051
8475
8595
4040
8576
9749
8764
4939
6354
25
3395
7190
9223
4973
1215
6164
5046
5304
3352
4292
9458
5865
6503
1938
8758
1252
6914
9317
8373
785
684
6375
3794
6181
9932
7908
3534
2784
9087
8725
5736
6240
3541
8342
2459
2152
8549
4424
5718
9089
3290
8312
4383
7700
9996
2852
6834
9634
2890
1022
2712
6972
5830
7660
7084
7194
7697
3584
3482
9093
157
607
4448
8781
5130
5698
9582
6703
5812
993
8640
9442
8778
9028
3087
698
4202
4530
1258
1793
5029
2579
6855
2434
152
4353
5939
5656
233
5587
7601
6233
3356
9005
1069
4542
1169
8389
5624
8902
2494
4609
3628
2461
555
9340
311
3236
2054
1699
2822
9217
4511
3186
3169
4926
2021
2776
3148
9703
8991
4533
39
1053
8795
5072
9844
6245
3740
5475
7240
9333
8472
4181
4326
4454
3168
4709
9714
1241
3664
9163
5419
4912
8268
4259
8224
2666
8442
1048
161
5608
5493
7074
1724
6771
1474
2972
6446
6330
3167
2799
6758
9402
9532
5915
7894
1749
6825
1593
5678
8438
7257
3918
3578
123
8998
2617
5451
6668
908
2960
1696
7251
1520
9548
3759
5297
3243
4174
6024
2999
3029
7586
752
7694
2722
8856
3523
5711
1807
6303
7300
2264
1930
9373
5861
9153
8779
4847
4089
8412
3224
5953
7290
3319
7304
1045
3399
9511
2453
186
9737
7651
9527
1
898
3751
376
2901
5594
4413
7996
7193
4313
3750
5280
7198
9254
1775
4122
2971
7383
1502
6024
8482
3813
7625
2906
6349
5207
4005
7183
2752
7125
4456
166
4429
9003
5920
8643
2794
4004
2568
6812
1972
5296
8478
2760
1932
417
9544
9374
5087
9217
3324
578
5395
1798
305
2380
1071
3455
5257
3057
1329
7952
4220
1150
649
861
3589
823
6184
79
9134
5612
6257
3664
8053
3919
1040
6495
9267
2242
4533
8158
8362
4780
1301
5711
8398
6608
9706
350
8396
9011
4934
468
7568
2777
59
8172
6408
6924
8757
3180
6353
3091
7822
9552
7492
7001
8078
5919
211
4092
9743
7969
9134
5319
5498
9782
1638
5584
5962
7645
5370
7772
611
2911
2204
2513
7696
4281
9482
2274
7406
1332
5781
6697
5058
6858
115
6676
2226
5392
113
1343
7596
2843
7714
5110
7346
7174
8547
773
796
6178
3389
5969
8399
7397
2639
5519
998
2430
4962
5508
5585
3779
1225
9004
1665
3007
5337
6683
1908
7007
4189
1462
4827
6773
5220
8408
7474
247
4121
1604
3361
1416
4483
33
6697
8215
4569
7421
3818
8631
8770
6092
2906
4926
3788
5100
200
3224
2156
1924
6941
9517
6793
3421
3128
904
9803
6820
4991
9131
1787
5919
6133
777
7437
6014
5624
2426
246
8318
2030
2429
4733
9651
4293
4053
6445
6866
4363
674
6658
8319
4966
9554
5220
4921
6558
5537
1428
4614
4347
7999
6220
2470
2209
290
1462
8834
8526
2955
9083
5230
118
7620
9776
3573
7219
1838
5693
6461
5676
7399
7517
1257
9441
3822
8940
9217
5487
1757
9553
5316
4060
5869
4079
4492
2433
8176
8562
4754
5259
8198
394
5617
415
5586
514
9471
1435
4417
2151
5205
9778
2924
5954
6216
2696
3481
2179
1
9552
2985
2118
7257
6661
6710
4537
1192
9151
3085
2803
2618
1266
3024
758
6663
9177
5438
4846
8043
1333
6195
5360
9878
599
3032
8293
391
8936
7261
1708
7375
7248
4944
8092
9339
3785
330
8699
8369
3645
9993
990
6169
3468
619
8292
7687
9268
7658
4432
4715
8768
5433
2158
1377
8064
6858
1636
6539
1436
4090
1751
4350
2383
8433
9703
1712
9892
8101
9425
2429
6676
822
8108
2143
9190
5242
9545
1099
7237
4840
9527
1356
768
7770
4248
2268
2513
6582
3584
4643
4279
1093
6221
2748
6242
2949
8333
7091
8854
7254
6142
2689
3800
9054
3683
9187
9085
3357
9416
6949
7417
3192
687
9774
1355
5532
8094
7553
7726
1412
4118
9623
4882
5445
5422
8259
8637
1171
9312
4568
3370
5698
9384
3901
5090
9127
4613
8915
1236
3621
7309
329
658
1221
9052
4850
5478
2429
8300
7300
3124
2958
2275
6007
1815
9281
7341
5836
4506
5017
3651
9007
8899
8062
5739
4948
4667
2039
4454
336
5483
255
37
6988
8152
1870
9028
2262
5226
4929
3913
6138
8575
1685
8019
294
7421
3025
5066
3396
1774
2048
5244
2765
5737
5599
9116
8458
9311
9029
8853
2081
3135
6569
714
3474
5203
7421
9114
5380
3212
8273
2458
8941
2819
3465
245
8840
8359
6904
9916
6327
2919
5637
7203
6131
1325
2273
9814
1671
4942
2183
2642
5252
7147
3282
7452
4575
6346
5252
5199
8772
7125
7309
3692
6929
6159
7902
6073
5239
9559
5167
9241
500
9640
4577
4930
3594
5959
4371
5227
2620
2809
9517
4515
7826
8162
1525
4130
4195
657
6206
3854
7016
808
5005
7291
8725
6501
3584
6896
6364
5002
5291
9916
1038
1075
2945
1219
9072
6098
8423
3034
5040
8661
469
6009
3156
6751
7596
1237
4791
6446
3096
2117
356
1810
8057
588
8461
2340
3536
2512
3274
9075
6711
40
7370
5400
159
3715
2532
4006
545
1481
9952
4223
6323
5591
3673
3704
7216
2106
9834
3277
4212
2014
2051
9043
2482
6167
5476
1097
7490
1429
2334
8106
1394
3736
3679
9119
9809
8025
1267
9520
375
4843
3810
22
5216
2300
1343
5572
9926
4114
5951
6823
8862
9334
3101
600
7609
3436
3329
6169
6280
7451
4791
3175
5886
5454
2690
8797
7016
1881
4646
537
873
5177
3147
3842
826
8041
9812
4890
7378
1360
5779
2750
8771
3063
9233
4307
9750
7116
7047
8472
9749
3113
8172
74
119
2756
670
4710
5268
6405
4932
3972
8913
91
9257
3035
7132
4653
2418
4585
6715
8616
3157
9595
5750
6881
3757
1579
9203
4123
3671
321
859
9491
7021
134
5410
5256
3924
9455
8872
6124
8941
7683
6093
8412
6243
6408
9433
5035
2101
956
6036
9921
5988
980
4190
6605
5413
6570
2642
2018
4370
2412
7904
8106
6125
7224
4915
2739
6080
8421
9700
4140
6306
1806
7145
9315
1947
4259
3224
5720
2076
4341
4507
5017
2095
1795
2291
6716
3905
1643
2551
8600
4775
3901
4429
3293
6516
9693
5788
11
7819
5968
9212
3603
7704
2957
8603
5170
9914
7719
614
2099
578
3014
544
6419
3239
4392
9689
8799
2451
4872
1786
9669
5414
2949
601
7232
2353
5191
9975
1819
920
7605
6936
4936
5442
5456
1660
6481
9879
9703
6580
5310
9833
7790
5258
2047
9772
7045
9775
3163
3304
815
2262
3784
3448
235
4459
4832
3921
8050
8456
3310
2295
8210
7064
4863
4730
5016
83
2991
2139
350
6328
7175
4668
9598
5841
2323
2165
7218
1237
3154
7237
4575
4151
5758
5385
2115
4589
332
4462
2070
1482
1247
4206
8111
3719
2555
3200
3237
4956
3802
922
8797
6185
6953
4131
5249
8129
7405
3101
627
3977
8781
6143
6235
6101
6922
8215
4682
155
7034
2784
6074
4790
3914
1070
1255
6681
4119
592
1908
1907
951
3545
4069
3512
4080
9460
3201
9896
6798
2457
1671
6960
8706
1235
1562
9773
1574
2497
4336
6792
2683
7915
7855
4137
5907
6785
4181
8202
1342
748
8443
2418
3046
1716
4655
7255
7389
1037
2530
3466
4973
5375
2560
9257
2541
4086
5727
8877
6724
5140
7477
7014
986
4335
2650
3410
3109
7672
9587
1209
4995
2788
9847
6615
6436
259
4197
2629
9794
8171
832
3579
2649
127
542
6136
4428
6647
8635
800
6536
3701
9734
8084
7848
3302
6949
2940
404
4376
2032
3459
1814
1957
6888
3487
3328
1383
2075
5306
7728
6881
8215
5220
4915
5019
6519
5199
8339
4953
3239
5663
1548
4862
7278
1273
1399
2846
6790
9654
1973
1108
2253
6682
5649
8458
896
8641
5421
8085
4345
6101
3696
1770
1503
4126
7426
2382
8149
9773
8394
8601
6246
1875
6768
3296
1013
9648
8371
7251
2333
5909
8559
5993
9817
2059
9732
3203
5787
9874
8772
8264
6849
6855
165
8903
1626
1907
1083
5182
9547
7148
7307
9041
6571
1566
901
5631
8564
6624
481
5980
3700
3826
7507
9088
4325
1232
3430
839
6664
1850
6528
790
75
6248
2995
5814
9114
4562
4931
366
4735
8628
6066
6259
4287
732
3083
4933
5556
1432
3465
4405
3117
7828
529
6001
6739
1894
8009
295
2476
4521
6620
1787
2720
3490
1937
5710
1987
8062
5321
4061
3794
445
6706
7561
346
4426
2698
4919
8210
4837
347
3743
2286
1038
4347
5703
5421
2000
4848
2427
6008
3130
2945
3794
9773
1044
8069
1091
3262
8095
583
734
3607
7276
6437
7230
2882
6781
904
3906
4026
9836
9022
2887
4507
9707
8826
5520
8173
1479
3206
4952
6989
5247
3384
1454
9602
5120
384
6639
15
2742
4984
374
6255
2903
6407
356
970
4985
3472
2895
3850
2387
7694
7112
9454
2337
8962
5131
5111
3188
1106
54
6062
8435
7840
9147
345
4380
2069
6485
9165
1649
7951
3002
7210
6251
461
9671
3278
2653
3793
7795
1323
774
760
681
6378
1374
9948
4782
5918
6858
5257
8661
4726
8157
5070
9215
71
3614
3476
1531
9618
4474
9280
3934
9793
8894
3704
6118
8252
8390
3675
811
4457
802
1908
3071
5114
295
8159
4495
9821
2573
9138
8405
232
3037
6097
4300
7323
2214
1221
5179
6045
905
6497
9177
312
294
3227
7902
4036
4755
2589
1960
1481
5047
2861
3397
3801
3034
3220
7165
7861
5633
538
5905
2882
3897
9816
3285
7638
350
5534
2262
7333
6888
8766
8918
3812
24
7893
5438
9078
3291
3612
7190
4223
8873
9180
7630
3097
6159
4179
3504
7568
9825
9111
4476
3562
8531
8063
5179
8159
4963
1861
9328
4939
1199
8970
6485
9866
9053
840
6585
2531
3627
272
1690
6181
6426
3779
9974
5940
36
7721
4461
6204
2316
435
3257
8689
9195
1951
2363
774
7810
2628
8215
404
3696
6879
7066
9176
9921
4705
5405
8667
7986
949
9468
4902
3925
8048
1736
4083
4208
6693
7894
2889
1148
7907
430
5092
861
2604
420
4834
9084
9621
8105
8208
4194
204
5363
4490
4784
8451
8807
6046
8161
9837
9829
3359
6354
8310
6257
6909
9388
3191
3681
7998
7039
4120
2757
5330
6224
2543
3726
3309
7657
6890
7282
1078
8022
7214
7483
8351
1424
5883
8818
2631
7695
4928
4389
1473
6090
9749
7599
69
4844
4530
5004
3072
4314
8496
8892
1808
7001
8116
2662
4639
5823
3809
5420
6606
3402
3719
4662
3296
5195
1518
774
4509
2873
4058
1900
3975
7897
6549
7275
3048
7414
2097
3733
2390
4800
35
1832
8609
4148
5782
578
2093
1406
3380
9326
4850
6937
3287
3922
7501
1732
2075
2567
1468
6102
3593
622
2859
6975
7989
9097
1869
9505
9392
3902
6755
6535
7928
3846
4472
3333
2573
8629
9871
7641
5251
8572
2183
7369
9845
4629
1789
2527
2815
6279
3225
1784
7283
6836
3619
700
3179
5637
4557
3933
2375
8007
7298
1143
1945
5514
9810
1317
2539
1765
1491
7323
7119
1063
2760
4024
7168
9069
6564
7729
5857
4186
374
8284
3313
300
1153
7816
7765
6619
2676
8427
6645
5580
9603
8264
2546
3565
7263
4082
8214
8752
6653
8299
9673
9857
1635
2387
6178
7178
7490
5404
8395
2018
4254
9878
5558
8834
7386
1336
6699
5430
4675
851
2034
3609
7950
8667
7254
5768
13
4595
8651
6596
7125
4404
143
342
3184
2143
5478
660
7999
8093
9370
8830
6756
3850
4134
4900
1334
3281
9251
2684
180
1488
3503
4245
6792
1496
5193
3263
1087
9081
4481
5865
2689
5495
3967
1074
5797
5274
4671
1641
3307
1374
6404
9061
9154
2322
838
3455
8404
8609
1235
7794
7243
6134
8730
5416
6568
8802
1291
446
7338
7342
2286
2470
6031
7636
59
865
5285
9963
1707
3446
1937
6851
9284
414
9189
4539
2518
3085
1956
7455
2191
5554
2868
2285
3319
5675
5101
9379
6248
7571
9016
5050
5151
9975
4639
7085
7893
440
6256
2330
949
504
2046
2681
922
9201
2428
771
3008
7539
3872
2007
9935
1789
6482
8084
8544
6838
5751
9622
3900
1607
7327
1462
9154
3406
8100
1108
2868
2690
7870
4635
9719
2254
2504
169
3603
4396
2086
8663
8894
312
9209
4042
8253
8943
7819
614
8361
6753
8211
869
3975
4992
7602
4564
8503
2362
8447
7144
2080
4928
8267
1505
2491
9021
601
2645
3985
8444
6128
8196
485
6703
5489
485
5446
4729
3656
4962
6016
786
2251
6964
9393
6502
3763
8166
8912
5458
1418
8389
119
4381
2547
6918
4385
7332
2851
3979
174
7827
3814
4243
2494
3544
1868
1267
250
6864
1482
1629
7678
2054
1586
3803
1346
5686
9503
1019
4122
5742
6577
404
7877
9745
7919
4684
1258
1242
7327
7048
7501
1488
466
6029
2997
8963
2247
604
6452
8863
6884
2084
6831
6182
8426
2862
8882
2752
517
5557
7816
4835
6455
9696
9080
5774
6287
8533
3783
3578
6927
4689
9557
8626
2561
8500
7036
7787
7008
7454
5107
7789
1683
6356
3762
1537
5666
9459
6600
8945
3821
8576
307
5840
6760
1304
835
6450
2270
8035
1402
8948
1715
2311
732
7574
4211
600
1515
2085
3405
2223
917
2319
9614
7559
2343
8742
2598
3824
5437
5874
2575
3840
2800
6665
3930
8875
2132
8922
5198
9072
9610
7812
5336
5640
2181
1126
2035
9415
4485
9348
2413
6950
8982
2852
4576
1063
8047
5205
1615
7861
8435
1027
3222
1196
7190
4185
9189
6006
1648
6083
871
4044
7614
6869
4625
3326
5968
3305
4411
5014
1191
9922
9191
4231
5462
2052
7528
691
7981
8553
370
195
1210
5322
2384
4588
4975
4003
2173
6563
5899
7036
2414
1367
2771
8422
6868
5354
4660
9968
8636
7665
4972
7360
237
8465
6215
4554
56
7451
981
1581
4950
6216
5692
5343
9669
1766
7318
4891
2009
4225
248
4394
3612
8064
9053
3971
6097
4951
2894
2038
9700
1093
3364
3634
5141
3349
1689
4369
5747
3292
3207
8947
6550
2074
9275
7604
5769
3401
1111
8800
6108
9790
3351
2478
7273
3348
945
184
6402
5354
810
2356
2665
3039
978
1302
5278
6352
8624
9855
8687
1556
6580
9505
8654
4235
2789
4190
466
4602
3194
2340
4993
5344
1661
4936
9399
2081
8377
36
469
430
5705
7567
4018
9309
4870
9381
1457
4334
4126
3131
4945
8107
5044
2530
9817
4708
6357
4228
8938
9320
496
6477
1417
4752
5791
9658
9099
2905
5997
5391
9520
7560
8622
6552
4434
5533
9055
4749
2857
7331
9496
6951
3920
6118
3540
2231
4298
5902
5598
9162
8702
7924
4557
661
326
9371
9591
8356
6873
2066
7865
1948
5958
2616
1789
7540
8885
5331
5521
3526
8673
3972
2862
9178
5133
8539
4355
3290
8891
5064
3376
2422
1377
8162
3844
312
6995
2381
9450
3085
9408
9038
9434
3255
7556
3576
228
747
2772
7495
3336
4836
754
6523
5358
6050
7967
3766
2963
3745
9278
1534
6211
8198
496
1264
7908
5954
3267
8296
4934
9315
9506
1515
4623
4959
7325
4766
8564
4897
2009
1944
6892
2023
4022
6495
4058
5311
5833
1725
8133
8951
857
3406
6523
2159
6370
8370
6617
6467
6625
9903
7884
2862
4736
1233
321
6199
5696
6898
3451
2188
99
2062
5198
3472
4490
4400
7416
7575
2479
6132
914
4596
2510
1099
4757
6265
5506
3444
6786
2010
6040
384
9171
4787
2684
7300
3023
2503
6839
4274
7924
8162
7472
6968
6045
9997
3079
8376
6634
6225
216
7250
9454
2093
9903
8905
600
2268
5797
6585
6611
7654
2114
2988
3410
5151
7087
2357
4107
2579
1882
1902
9411
2350
8924
4421
8633
569
8099
7142
6963
1496
2012
93
3497
6070
5445
8678
4007
299
7024
1000
4260
4011
6655
3536
8407
6496
1883
4873
8327
7848
4693
5745
8970
7719
7106
264
1517
856
3661
9817
354
7189
8274
9653
4080
5705
7623
2105
9328
4277
7484
4555
8132
3909
7740
5897
1686
3379
4163
4453
8353
6124
1145
4064
4353
2296
9650
9739
714
7778
6391
2996
2354
1405
1753
4620
2297
7247
7619
2980
1770
4485
7436
5664
8298
5381
5301
6619
9756
3102
5162
1729
7742
8995
8768
393
2507
5584
4824
7534
7576
3629
1786
7154
2398
7330
2090
5968
8165
2563
5537
6119
3308
4048
440
4117
2716
6106
4931
484
8583
6977
3732
3307
539
5190
9143
3298
2443
8897
4777
2048
2847
1550
818
9024
8956
7530
9792
8217
9423
1832
3175
3202
8746
662
1709
7909
4221
1018
2799
1958
960
4061
7731
7290
3309
8624
2508
2962
5548
5461
321
8232
5107
2708
5788
2733
524
5815
5426
6716
7433
7514
8075
3375
9991
5322
4111
1560
2881
3754
1086
1831
8800
5779
4628
8886
7599
9299
1315
2048
5608
7350
8440
5088
5044
4217
2666
5478
5918
6852
9340
4407
5812
26
5302
3906
3415
7508
5780
4020
7353
5267
3554
2154
3122
5741
5607
6434
395
4232
4969
5461
6918
3597
394
2136
605
3059
8986
7544
4428
9360
9502
7998
7941
3669
2695
3981
8562
9598
5032
8956
4147
3497
9992
5579
1450
7580
8946
590
4690
9949
6187
6776
8326
9172
2933
300
1858
1209
2523
9968
1164
3166
4313
3470
7172
4401
5113
6630
9443
7129
551
8186
4764
667
4381
3430
234
9884
6361
5356
2616
1450
2991
171
5905
8164
3291
3332
8957
3842
3281
43
4220
8991
2459
3431
3333
9209
6904
8337
8274
720
6043
1138
8430
2845
4553
6930
5014
3592
9708
5959
9628
3574
6787
7091
2117
4059
2248
7058
2808
4877
3414
2795
9632
3829
905
8024
3477
6893
7989
9843
9484
8448
8957
2635
4627
672
4698
9489
8105
9407
2065
5139
4647
3572
879
774
9101
3232
2525
2824
610
1509
8549
1263
8980
2269
4544
6786
37
3814
703
2917
3937
5071
1648
8242
2661
433
1054
6243
5093
1397
4533
9017
17
3919
887
2939
1585
251
5186
7852
1508
4580
6577
4448
683
24
7581
1815
2323
136
1658
8474
6765
171
5260
7955
6351
8588
4929
5264
4066
7143
7904
1059
3510
1209
4657
1551
1276
7188
1301
3733
3933
3459
7643
9605
6605
8174
6748
694
5800
8171
1387
8791
2715
8801
5986
1806
9496
9633
5770
7723
2831
1582
2163
7836
2373
4917
5632
5447
5776
3009
9367
628
870
987
1727
1518
8451
2374
137
3142
9970
3124
5020
3379
7367
8925
7306
8303
4840
2501
5504
1762
1050
3990
702
1230
7101
5563
8705
7104
2677
9709
4758
8744
138
5167
3060
3199
7829
9124
1199
6868
5924
6657
1385
727
9233
1998
4991
2832
7908
1186
6677
2014
7488
9389
8060
6659
8362
334
4962
2319
4651
7644
3073
5050
9979
995
9474
6034
1854
4561
3177
7481
7570
7966
4133
7031
1021
1650
6371
4120
5171
7365
22
5336
2006
3897
8298
9252
8953
7623
1172
3828
111
948
2100
5132
9189
7260
1036
4539
8042
8580
6074
9729
7091
6218
8737
7717
7066
8942
2368
993
7785
59
4032
9048
665
9139
2593
3343
1048
7297
8244
497
6971
3748
4732
7404
4152
8002
6570
9877
2013
6471
2698
2903
6312
4597
4718
7536
5203
9150
2800
9227
5727
7816
4833
5287
6279
950
2763
6827
4615
3739
534
1147
8691
5878
7355
2056
8299
7157
2885
5003
7983
2510
2259
7879
3115
4918
9571
7889
3713
4573
9627
8782
5022
847
256
9508
1129
6617
7711
4336
7470
9570
101
3908
7193
1805
2269
5824
7593
5690
7692
4053
2873
5539
8176
2940
7367
9272
5290
1525
6900
329
7575
3636
3362
4322
9793
6541
4879
9201
1551
2337
4644
3414
5550
9935
201
1761
3125
3439
5456
8967
4450
2697
89
6831
4940
8616
5884
1549
7508
465
5783
8989
8341
8464
9592
3408
2260
4554
5639
5620
930
8526
1167
6391
8955
4490
3292
1804
3496
9412
6026
8502
3738
3114
6505
5743
8701
5542
1321
1845
2552
1849
3927
567
2489
144
3212
504
3546
5923
127
7341
8117
1519
254
5516
6157
5828
5981
6551
7791
5505
9116
996
9170
7890
9044
6702
1992
518
6664
6861
5263
4586
2629
6204
5138
8175
4568
5599
9529
1170
845
7452
3962
6982
8089
8614
9913
849
7475
7329
1152
7319
9176
530
1377
9863
2362
1664
8377
9663
244
9298
8937
4118
6627
7733
647
9030
3054
795
2689
1418
3877
995
4828
254
4635
6730
7521
8225
4876
5826
3709
245
5712
5050
8570
9146
2712
4422
3403
6795
4397
7183
4604
6718
3248
3177
4257
6768
6724
9317
472
5166
6966
6244
4157
7141
2532
7821
9807
4857
70
3139
6997
334
2673
3575
1279
6340
5186
3603
5852
3019
1727
4682
3218
4514
4025
2770
3011
5470
2365
9190
6714
6279
9236
7331
3678
935
2247
4909
6581
6377
3962
7212
9237
7308
1600
4023
5298
6686
5228
2179
8938
9687
9732
581
5294
1434
2805
7225
1374
1203
9858
9786
5291
3056
4879
6380
6671
6869
3927
6561
3807
5365
7227
3688
972
2412
2432
9028
6771
1950
5601
808
7411
3880
4289
357
9797
1027
7141
149
3087
4475
3087
7946
7867
1287
4536
9559
4197
6793
586
4685
2927
4985
7662
6210
5937
1842
6017
3986
5256
1761
8290
3184
5970
1299
6845
3032
4741
7019
330
7405
1266
7507
1419
3856
1356
6329
130
3402
3641
9856
4113
1657
307
2329
2590
4567
3719
7807
6793
306
9791
1828
9990
4986
6414
9833
3252
2112
7344
1203
3351
9838
2045
6132
3465
8595
3392
3105
3712
5388
8284
6254
8654
8097
4924
6778
5352
5302
9807
2150
8970
4254
5119
5769
2216
2858
778
1479
7531
7971
5829
4880
2843
1887
4108
7408
6586
4000
2498
2811
8224
9377
9924
1995
1886
2516
4972
9985
405
3160
3704
8503
2565
2390
6362
663
1841
7404
5757
3781
1637
6693
9682
7689
5834
5633
535
5714
9539
1960
2768
6567
6552
6882
1048
7982
4735
7702
4500
9956
128
8165
3515
9623
4888
339
5818
4063
5889
8890
8673
4004
2981
715
9380
4721
5146
31
1243
1402
1554
8433
5092
82
6980
6072
3237
2198
9607
3906
1583
9809
198
3490
3113
5635
8380
343
376
2624
7714
610
6401
5706
6156
4078
1954
6469
4455
2651
1566
1957
8598
3697
3513
4185
7249
9656
5642
63
8037
3965
9942
930
7178
4275
685
1959
5817
570
9123
3684
5001
7320
3643
7018
3072
2113
8527
9261
1987
1656
3313
3682
1102
4257
3133
8924
9109
6245
8317
9715
1540
943
299
83
142
3984
5060
1458
1701
8303
9696
5696
526
6946
3790
6081
6386
5217
1009
2421
2468
9979
7280
589
4709
412
9073
2593
6919
7267
2250
479
6343
5353
2172
3897
5392
6203
9743
6699
343
8492
782
5634
3562
6530
3063
6286
4351
1952
4645
554
1118
9694
5852
295
9811
5355
9393
4994
1185
5930
9474
6437
6841
5913
2437
5022
761
2089
9639
4666
7584
49
3130
5417
8905
6713
5154
7565
5672
1895
7317
665
282
5181
7927
2653
6492
1298
802
8252
7748
2784
8588
3924
4747
4933
2415
1028
2981
4758
7239
906
4806
1764
7529
3997
5266
4377
8271
663
975
8937
1474
8071
5346
2597
3938
3286
8113
1717
6749
262
2982
6058
7918
4829
5730
3288
2424
8809
1075
7114
9379
3784
4951
2956
5468
7101
6885
371
4233
9211
5812
828
874
5671
963
3955
7108
4884
648
2265
7244
8604
7280
221
2815
859
6426
683
5718
1046
5423
3231
5073
4938
8204
9382
7559
1333
9496
3156
4573
1858
869
5476
8059
9423
13
4809
2870
3264
9301
3151
8762
3791
9793
1861
4164
3473
4508
5620
504
9912
9676
6400
634
2104
946
4810
3935
764
3588
9058
9121
2920
1882
2273
7450
8702
6886
7738
8751
9641
6553
783
6672
2570
4871
3642
3350
7047
2675
2267
4596
2231
7784
1141
811
6434
3954
4583
8475
6503
7568
4545
9180
6658
6393
3288
4633
6656
9282
2719
9620
6155
4429
4388
2543
8886
4698
3844
7826
2984
631
3186
2061
2162
8909
8898
2509
4266
3091
9395
5320
5089
9193
6302
5188
1091
9321
9124
277
9999
1093
6570
4962
5553
4597
3735
1905
7129
4270
4742
4507
6424
642
4563
5731
6242
1121
4166
6747
1229
7216
9075
9197
9743
6607
3694
289
2351
210
9921
628
4946
6265
5347
1766
4933
1268
2306
6193
6100
5822
7617
1129
7864
2684
2371
3455
1921
9634
3679
4999
3038
5409
3090
8888
8119
6165
3522
1333
2530
4912
6750
5418
4924
1700
4547
8002
2928
7341
557
3725
5687
1360
4346
2106
3905
2747
3485
4569
2870
388
2466
5374
3528
6384
7898
1586
7385
5774
8230
7513
1291
938
1952
3425
4254
9877
471
1251
1787
4054
8160
2731
5592
214
7606
1302
6703
5436
3717
6347
9375
2123
4038
8748
7209
8615
4089
4869
164
461
5856
5705
1364
9474
4350
8029
5040
1295
1140
4848
3074
343
1802
5854
1742
9684
3442
7740
7977
2039
3113
6595
8385
6502
9979
5743
250
4349
8256
6532
4359
876
1170
3069
78
9289
2492
4119
1180
3197
6986
8388
7660
4286
3116
201
4081
8379
4190
8625
8105
7501
6186
5349
1582
2345
7629
7383
4623
5671
1462
8581
1885
288
9912
798
2315
1061
3605
3184
4830
3710
9938
3856
2090
8649
8811
8603
5091
2469
2826
2963
9177
7385
6014
1843
2498
9892
503
3722
6834
8586
3034
4865
6316
3517
9699
5404
1937
6438
9306
3290
3979
6947
5759
7771
1239
3802
2721
2288
6118
9337
6327
4592
7759
2704
1821
8938
5232
8583
4341
7340
6682
7270
1855
3251
6580
5762
379
5341
2512
8188
1694
3084
2834
7402
9531
3132
2673
7242
3816
4456
7802
4921
9826
3497
7485
2625
7246
6435
1816
6978
4824
7040
2124
7266
2531
4146
250
9427
6399
9285
2562
1945
4152
1722
3595
6587
1855
2953
8923
7657
1728
761
452
9794
6848
3322
1823
3214
1750
91
5863
2446
1262
7465
6666
6732
4673
4226
8921
537
8954
2490
7676
3821
3168
9738
8009
1695
2799
937
2502
4630
552
3435
3124
4684
9645
4955
7397
5740
9016
9525
750
7225
4423
6550
1693
749
4582
8055
6835
4727
4431
9241
9436
4626
2479
6700
1803
2364
214
5845
1615
7220
2617
374
4432
6882
845
6528
3706
6736
5497
5586
235
8178
1764
2549
8191
8038
9753
2229
2969
5916
9898
2082
6048
7962
9235
8120
1339
373
9467
6401
5981
1993
7659
9081
8844
3765
6701
8086
4728
5655
7849
1950
1279
2216
6594
1517
8446
1018
3657
3242
3381
4400
8204
5743
8606
3452
9045
9107
3587
699
4525
9443
1245
1106
1590
3793
1384
1662
3853
7704
5897
1731
3485
1509
5338
2897
1687
2301
215
9042
9343
5802
2818
8120
1106
9635
6242
4209
5872
5574
285
4542
7425
6498
814
3865
8612
5149
5572
960
6731
7391
1035
8749
6241
2911
2012
4799
9139
5175
1974
4930
3009
8042
1139
9261
1820
7901
3056
5443
7947
3708
6684
6041
3320
5576
7844
5925
349
6716
8729
144
9791
2259
4620
7824
5881
6487
4881
8892
1539
5337
8805
6379
8883
9937
3658
1004
4633
5788
7899
1773
2901
2470
380
3557
1795
3919
8092
6803
2400
2233
5535
8495
7290
2338
988
9597
2254
7287
7963
5208
3739
2719
5279
404
5200
3267
3640
251
5393
8170
7155
9263
2920
235
4051
4003
2491
6437
3311
8999
9498
1343
7920
6647
7789
8592
670
8104
932
3499
7109
2367
3361
9064
3577
5841
6253
7538
588
6567
4946
209
8124
4558
8584
6366
6678
2248
5253
8917
2706
5659
5840
4206
2399
296
1948
4891
8706
5216
8452
1622
481
5518
161
1330
9537
6145
1225
9927
5297
9819
8058
8619
3257
5737
7802
3973
7416
4199
2912
8171
5723
6398
586
2981
6721
6561
5972
2801
7192
6166
5049
2882
5940
3075
7522
3166
2912
8957
9025
3480
8720
5867
6614
6788
9033
7526
2692
9433
8753
1596
1718
517
9488
2132
6411
7062
7835
5955
8627
3478
8694
6572
8418
5878
2829
3181
5012
5169
2064
2815
4029
3662
4427
2592
8585
4094
5910
3258
9292
2305
715
7147
7740
5716
1424
475
1704
5632
637
8145
3423
7594
816
9507
5589
739
6809
3060
1946
7155
8863
4002
9409
1126
4949
5376
1294
3589
87
1646
7052
6330
4337
8066
6616
281
26
9346
8051
8598
8799
4224
1719
9818
3804
1138
1234
3208
6153
6900
2019
7064
7735
1357
7310
7100
7833
1991
1267
9688
1487
3608
2408
1132
2465
1086
5422
7317
70
7352
2299
552
4137
2839
7889
833
9901
3036
3065
6098
1917
2038
7695
8158
8731
1615
8217
7835
9070
6950
6142
5865
5113
2923
6593
906
6201
607
124
9462
4223
4401
1752
6893
2214
5045
5801
6358
4652
5155
9118
6658
8151
8623
1068
4064
751
3686
7053
5784
1155
1024
8622
7877
659
8497
6415
1966
7103
286
4224
8609
1777
5430
1770
1036
4917
8450
648
4795
2191
1211
38
779
6849
2008
4210
2391
6825
3409
9843
4238
8001
8846
2875
717
9540
7475
2404
7739
8741
3666
1706
7915
2279
3820
812
2272
6013
1326
1238
7069
2584
3818
4672
6205
131
9835
8295
4496
5316
6117
4281
6547
3827
8285
3278
6032
8980
4117
9512
3789
1575
9466
8981
6048
7549
2992
8582
8251
1666
664
7660
6390
1268
6864
1423
1718
2463
9057
798
4834
5877
5261
9270
8010
7162
5984
785
205
3474
5670
43
5360
8572
5006
2234
2633
9594
1898
1334
9943
969
1108
6704
2367
1902
820
2739
8520
6704
9097
5124
2301
2644
9219
1921
6177
6765
9975
9352
5448
1837
8637
1717
8876
8814
5434
9946
3075
4606
8777
2334
549
2264
2755
6642
5905
9530
3208
1754
3039
2765
1090
5843
3680
2235
7618
412
6887
4106
1775
9935
5038
4230
6825
7634
3476
7810
9561
5506
2694
3563
1763
5656
843
3429
4296
1122
2346
9718
365
2857
4207
4327
7599
5202
2778
843
6656
5152
1492
2836
1983
6725
8519
2408
8371
381
5110
579
1556
5214
6394
7934
4032
6873
3185
8957
1879
7773
8028
4345
5200
2788
6141
0
2691
5973
7498
177
5725
860
9913
7521
350
9402
3476
4937
2070
7155
3145
2478
7177
4262
432
9984
789
2260
5446
6583
9334
5933
3326
1600
9247
9303
976
968
2026
7123
6223
6598
7990
8147
7329
5998
1166
7135
7880
4703
8465
7812
9914
1639
5483
2377
5395
2778
1016
5212
2914
4227
2412
9197
6616
1352
2334
3505
3521
6616
2659
5818
7240
2409
6784
1968
6197
4551
7099
9428
2202
2017
9880
3851
3739
277
6121
6665
3680
2812
4916
8844
7857
868
611
4229
3198
3365
2287
7684
9562
3632
3100
9396
9603
2006
47
8835
8011
4358
5335
1656
3660
5477
914
4705
4496
9896
7848
7540
6445
8110
3744
1483
2882
1262
8610
1479
4495
8570
3163
9855
221
4061
123
3934
8514
2095
3481
6855
3994
6434
400
9552
4693
6334
2249
5422
5045
7983
3241
8613
7039
174
4063
215
2898
182
5613
2283
6444
7854
7790
9701
9314
4740
6565
8594
6067
9460
6579
3132
603
5902
476
577
8325
7000
8814
4523
9033
7173
844
8162
7524
5495
5756
6265
8475
793
191
1318
753
2101
6379
7579
9735
588
1094
3955
750
2776
2764
2421
2778
1890
3561
2909
2674
2125
8552
8533
5186
3554
1516
6770
5796
5587
4745
1771
8945
6068
3240
8573
9061
433
3275
2453
6527
2608
3557
1703
3839
5336
5509
4399
2898
3977
6892
2231
253
2712
8618
6871
4465
5241
9233
1067
5110
4123
8135
6558
8619
823
7631
5942
4177
4496
4088
4945
7321
4810
7327
8155
3135
7619
7678
8195
5820
5828
6654
7845
8307
6347
3729
8171
3068
8703
3434
1261
2556
5615
6374
8558
9644
8805
6447
5166
8493
8826
26
7463
4243
7731
9288
7318
1474
9052
781
5681
2353
470
1054
8120
5034
1647
3262
918
1565
9526
168
8595
4717
9884
6173
2496
6577
1229
7026
360
7142
2707
4143
8352
8644
6504
101
3030
6090
2905
4503
8624
7392
8029
7385
3244
8982
2711
2339
4304
6067
3613
8922
7195
9048
226
4692
2276
6855
376
3344
2912
6543
5793
2648
6724
4034
8858
5129
3095
3835
923
112
658
8098
700
9358
2463
932
477
3047
7109
6646
267
2169
3148
2528
9771
2121
7496
3389
2513
9614
1948
5369
7128
335
8261
2321
9350
5393
6380
449
5652
2701
5004
2461
9440
3073
2677
7910
5995
656
8480
3569
7253
3133
2464
5573
46
6034
5254
4396
5728
7839
6035
4954
9910
7265
206
2398
8211
357
9910
5963
4572
578
2313
3583
4750
2682
8244
7905
9369
9270
6907
2472
8574
1730
499
8628
4792
3179
3135
1262
8401
8349
2731
5788
2726
6050
8842
3516
497
7324
1031
2749
5776
7818
7676
1621
3745
9478
1581
5357
5433
4681
4879
473
3237
2975
1004
746
65
71
3294
154
7681
2852
4356
8920
7620
9113
8115
4469
6408
1555
5355
5391
9907
8175
3461
209
3661
647
8483
1668
5921
6013
5625
4482
8910
5313
2387
7733
7874
886
5546
1817
9536
2433
7852
998
7735
4905
1161
9655
8663
9585
572
1167
54
1054
598
1334
4207
8770
1854
1622
4066
7844
850
1885
3829
1438
4335
2547
406
1478
8569
9983
5071
5931
537
4723
7126
3234
2747
7298
9797
4195
8363
2510
7840
4759
3735
4391
4196
891
2754
2211
7216
3513
9667
7128
1611
5549
8025
8942
1972
2629
1244
149
5131
1788
1693
8830
4052
2455
754
6785
5783
2872
6512
4449
884
7500
7283
3103
2309
2056
1554
926
1915
5445
1705
6962
4893
8885
9129
7677
6178
3336
2860
1830
8277
7400
8130
6979
3296
7493
9250
8465
545
6894
1430
7583
4407
2111
6997
5990
5481
5925
2059
3085
9607
3484
7791
8483
9858
7546
2114
9905
4127
3276
679
1877
1344
3322
6399
2725
8528
2703
2565
5230
7438
1730
8584
9839
224
8071
3082
4000
6057
4198
9640
1905
8338
5613
9297
8542
6703
9048
2975
452
8835
8767
873
9918
514
750
9302
7400
5179
7804
2697
6395
3798
9808
5838
6089
9019
849
58
6303
1712
849
2442
8091
2044
3031
8624
1207
1134
5474
6429
1700
6406
7
7295
5610
2088
4845
7095
9611
1127
3371
2590
9487
8302
1422
8893
6099
1835
584
225
7319
9037
9626
6364
3460
4847
9325
4296
5853
7120
8000
7191
5968
8554
1322
5860
2498
7868
7251
1905
1557
7965
2080
47
3124
9539
8675
1724
933
104
8385
6095
8900
4391
4051
7548
514
2772
1702
8129
953
457
7886
1057
3883
4220
4563
2806
5839
6908
920
608
4257
5244
8298
1909
3908
2747
8043
9896
5731
7015
5377
4707
5414
7848
9877
813
6818
7471
376
4807
7858
3576
8067
8939
7363
8578
7340
1179
5269
8399
3978
6677
1223
6641
2263
1302
7755
5312
5951
8019
2340
2343
5746
7148
2905
1615
85
1278
5591
5616
5167
3069
2109
924
2333
9004
2732
2637
1255
1621
2711
3637
8498
6228
435
7321
1732
2365
7073
252
1261
6480
2680
8139
9604
793
2410
3931
5377
8010
3707
2623
8041
5283
9187
9838
8387
7814
455
7084
4083
7530
4100
4328
4336
241
1653
4369
3742
5668
8881
7531
6041
4519
2510
9128
7939
7918
320
9829
1234
6317
9981
1158
5644
7964
7118
1478
7482
9527
4558
3023
866
7705
8666
639
1055
4660
505
5538
5475
4907
8415
114
3885
1439
8283
2026
8022
7744
8229
646
9161
3794
6512
9161
3400
7913
4605
695
3715
2238
3339
998
4138
8567
6499
300
5678
5067
9458
8505
2531
2373
1359
6963
9474
2496
1386
4847
2982
2167
974
4161
9638
8438
3992
3733
2335
4875
9575
678
7265
8405
6523
3768
1366
8331
4823
7312
6042
5944
7519
6039
5966
6103
2966
2931
7308
3252
4963
1528
5410
6209
8647
784
7235
5125
4682
5480
79
7239
4547
418
2636
6680
3829
4464
2288
6435
7696
5738
1103
7309
9723
6338
8377
3533
443
2308
3822
5836
3454
2679
1100
5737
7947
3842
4383
5245
4876
4452
2192
5266
7651
9798
3183
3158
979
8005
886
7980
5033
7222
8648
5954
4356
9533
3865
6765
2931
3150
7404
2538
5739
1605
1391
3513
5205
4672
8598
1629
2254
2494
7468
7770
1444
8932
3162
4851
6019
7871
6838
8994
2351
5178
5735
3326
1416
2595
8010
3015
7402
9949
4517
8950
4763
540
4391
4454
405
8738
4950
5046
9121
8626
957
5823
1092
3763
316
980
4936
1392
1256
1425
6180
4782
7799
7758
4499
5765
6885
2734
9819
4414
4742
7435
9919
8695
3613
7343
2855
9808
3648
8417
6759
3610
4380
5007
5512
7760
3061
435
2513
1556
1745
607
9091
2637
2708
5924
4666
9176
6548
4375
9360
3442
2538
5640
6322
5186
3795
6893
3033
1047
8820
650
6409
5408
412
9197
5407
3824
404
4741
955
5018
961
3471
8799
6888
2353
4306
2736
2091
8999
3701
1848
9365
693
7544
9285
1245
6735
9528
9824
4589
3743
7086
9538
144
381
3738
591
8248
3142
155
7833
1343
62
5796
8541
2287
1013
1718
3655
1578
1807
2092
8000
4606
918
4215
6541
1513
8808
9231
7241
7015
462
5676
9933
5286
1283
6739
3677
1249
1049
2134
1392
9319
9723
3537
2384
1204
661
2618
556
4292
776
3497
270
1860
7759
529
382
5896
4834
619
5206
4690
6370
5243
3194
5542
1957
3399
1515
1524
8530
1769
1896
5614
5021
7310
3187
9897
2606
1949
6944
8538
8178
9845
2844
1288
6870
1006
1650
4634
6996
3753
2351
5564
4318
4562
1867
3493
8213
8213
8559
2798
7793
2652
9393
8924
1923
8183
40
5806
2148
6528
9962
19
7817
7561
522
9471
5423
4331
7595
5742
5386
1060
4251
9059
3787
8769
7111
5452
9324
787
7775
8833
211
7260
1383
6584
8446
1622
1023
9059
40
1119
1713
1011
9655
757
1794
9865
9389
3395
8605
6889
6677
6647
1511
8112
8417
7
7142
5974
5677
3099
3371
3536
9150
4047
9770
9493
3851
5317
7593
5121
1090
8543
3687
6357
5098
1386
2329
3350
6806
8564
3783
3795
2790
7067
3804
3366
8893
4157
9659
8625
5043
1127
6176
9270
9067
7759
6066
6927
5216
7922
1741
8453
990
4523
1394
517
5872
7013
9836
2015
2726
5050
4362
9701
3688
7376
9318
4184
2094
1382
696
9200
39
8576
5046
8505
4937
2620
4786
4958
7455
5626
1733
6938
2779
6389
1738
280
3205
213
8651
5706
1277
4843
3136
555
7195
5097
6253
6521
4909
9878
2181
9787
1720
4959
6276
9283
2116
9044
9154
705
9223
4644
5522
6125
7887
9102
2214
1432
2417
4082
5891
8078
6087
2952
8705
9928
5092
3938
801
4074
641
2955
3642
9518
9009
3183
4874
6242
4880
7185
4460
5659
4629
3714
7545
8722
9300
2694
6869
6542
8051
1280
3905
7393
8340
7702
4322
1910
3039
6546
3883
4942
6149
8846
8211
9848
36
7030
5529
8293
2774
7558
3663
9500
3904
9258
2767
7743
6842
358
9029
9360
5286
4879
7930
3808
4294
6349
4385
296
8747
9919
965
852
5912
6139
5573
7074
1595
4465
4941
3297
2676
2724
8017
4438
3339
8156
8549
1039
3496
9738
3900
5961
5749
6873
886
9920
8846
3446
7510
4200
1604
8016
6613
7489
679
1039
3515
5015
3923
620
5176
4085
6511
2284
1362
287
7070
6334
4681
5898
4506
2122
2626
5709
8233
1946
1398
5416
2849
4701
8121
8730
7434
1110
7401
9817
2665
7917
857
3985
951
5856
3424
6966
160
7060
5923
4135
6799
241
8476
3138
2617
777
7918
3940
9908
9688
8236
1425
2198
6889
7597
8402
3526
9287
6341
6036
6245
7211
1176
2505
3570
3361
2572
1132
3625
8328
1895
6214
8962
3299
4072
8379
7148
7020
8892
4869
7726
6350
411
3926
2351
3537
3999
9451
8425
7533
7396
376
2014
8708
8049
5626
9621
5631
2441
1875
372
361
1974
7238
862
4872
9435
3149
1997
7581
2614
6920
4138
4596
718
1855
0
4186
3154
2130
4171
6814
993
4467
6116
5837
9451
9176
7826
2324
2930
4742
7808
7465
9223
1425
5490
6582
3232
8224
8756
7956
8388
8938
3029
2520
2895
4337
9085
6678
2872
1658
3728
6148
49
1749
8030
4442
2717
179
8899
214
1014
7406
7686
102
9932
9810
2751
6726
5607
9523
7104
4464
375
9082
3335
5118
8268
8695
699
4904
7055
5960
3348
8832
5173
3138
4920
2408
8623
713
4718
69
1047
1508
9138
1698
9447
9601
4164
4545
5100
4815
423
6234
2327
8481
8554
2269
1122
7096
4510
6673
4861
4829
8615
6472
7138
6847
2727
8708
8507
75
3385
4164
4285
7378
7230
9016
2711
8408
4088
4346
4126
3826
6867
1490
7325
716
6895
6985
2883
7951
5537
4192
3901
8550
5978
3860
1381
2311
3826
3322
5372
9454
3406
7921
8436
9101
2854
867
2614
6117
8581
8668
3471
1145
8944
5724
2522
8920
6415
3075
7844
2463
8977
5499
9828
1692
7784
9714
6242
9887
5187
4240
5315
8758
8913
3810
6294
374
1350
44
7544
5394
3287
359
5743
3212
3198
1575
2625
3557
5943
4398
265
7886
7392
6195
595
1386
7668
5979
4865
3139
3889
1849
915
6861
4527
5977
5716
3780
9116
4367
3154
3720
7990
7947
8165
2109
9272
6350
5411
4712
3569
7942
4562
8421
1009
7135
7783
5332
5508
4304
4954
1816
9660
1949
3932
4278
1656
9176
5701
2242
3071
589
6506
4603
3017
3865
376
3015
9787
9635
3158
4448
4647
4385
230
3104
3070
6290
3515
8310
416
2919
1167
8999
6856
7023
226
5598
7516
4018
4050
6366
1536
1769
1231
2697
552
779
2883
4673
7267
9747
2439
3738
8737
2942
2771
8361
4963
8361
1573
2392
6493
5193
6561
5490
7566
9168
2395
1478
444
7250
1605
3490
1693
4141
8259
2905
6718
7540
6815
1315
6554
3824
6779
1603
8288
6671
4576
6401
8917
3347
2838
3589
6538
9344
8818
1245
3915
3023
6152
2554
3826
4568
6623
3026
826
5882
597
1086
2619
1338
6089
4629
2542
331
20
9751
8039
4876
6133
6131
4217
8179
722
2063
6818
9805
6161
6910
300
5021
7748
2247
4868
8915
7342
5708
6800
7339
2680
1524
8734
4590
6278
4394
8811
8724
7304
1278
2449
9343
5773
3269
7932
315
5933
7945
9588
1172
6586
2302
5762
8958
5999
9716
3527
57
8202
9303
4703
352
4870
6304
682
7441
6128
1742
9718
2998
918
8408
632
6738
5978
5199
1574
7288
4632
3749
3230
1649
622
9128
4390
4273
9458
4197
1956
7463
9898
3804
9791
3855
9776
4724
9720
6148
4847
9428
9711
1820
5426
1873
2392
232
548
2649
2207
7496
9981
1042
5844
4412
8591
7104
1636
3391
1769
8670
9050
3537
1259
5154
9442
4793
1327
2947
3151
5593
9519
8328
4751
3769
9491
2772
3045
5603
5640
661
116
1487
884
3154
4201
1998
6587
9054
5015
6039
9557
847
7587
279
2285
9649
1957
1365
8395
1042
975
8314
9308
9271
456
1844
5894
339
9094
4063
2755
9830
7737
2948
8511
6828
6880
3181
2015
8056
4348
6949
3532
4127
702
9904
7974
8589
2946
1731
8842
5292
7453
6000
1286
5737
5250
9204
1962
3880
644
3277
8774
5563
94
8893
7810
345
1183
6612
2264
6296
3360
6011
6360
9097
8344
8583
6844
4299
6570
9420
9057
6889
1187
7278
4612
5031
2367
8297
2475
4371
4357
7860
4447
8306
5375
9029
2511
6088
4839
5989
3334
9689
7012
19
1786
1962
5065
7287
3961
1030
3534
8531
373
9812
1733
456
9540
4090
8134
2043
6255
2572
3025
6696
3574
1351
5648
5912
8670
7132
3077
1710
5867
1364
2747
1303
1089
5845
5225
5172
1633
7573
5762
7686
7671
7934
1584
7921
8132
8691
6476
5128
8849
1780
9111
5881
8000
16
244
6008
497
6649
7732
55
7817
337
4899
7228
1935
1275
9170
1795
2369
3943
9050
5306
2286
5803
2475
4079
9056
4227
8351
4118
7680
790
6620
8197
4372
862
5245
3626
8267
5351
9409
9316
152
9324
4200
109
8219
1535
9310
5755
6920
3957
8657
5606
7936
9713
2934
3601
9723
1599
7201
2939
6562
3898
842
2985
9516
4130
2985
1392
7548
5108
9429
5509
7061
484
7469
310
8643
2313
8019
610
1769
5744
2985
9523
1951
25
1232
3773
6555
8739
5056
3456
279
3717
3534
2841
9608
2126
7986
3192
6814
6755
3116
2397
7980
4213
6560
3152
9722
3779
3127
9157
5804
6596
5063
1046
6386
2171
6068
1514
6041
3615
8945
8043
520
875
7030
9142
4435
3198
6853
4609
2518
5264
1385
8836
6260
8577
4595
1438
1054
6790
1218
5970
3545
4058
1805
3871
5209
4467
6018
8829
1572
8582
2118
9983
333
1170
2981
9563
8550
304
3414
6653
9504
6279
1464
3067
6645
8591
232
3970
8128
2845
2228
5080
999
6806
3826
9947
6564
5578
364
8220
8650
9197
421
2959
7006
1212
1675
982
3701
6492
3926
2117
9450
3304
8462
7927
7909
1550
4125
3158
6500
6111
334
5684
7140
3865
7257
8752
6687
544
5961
6794
5524
1024
7080
7153
2711
5917
8711
2232
5330
6585
7612
6383
6993
7157
4068
9134
5261
1588
7240
7668
5735
1574
619
6299
7697
6657
9879
5659
3728
4876
408
3215
3956
3697
4615
9753
3540
6743
5645
1396
9215
4962
3989
9065
5786
7038
230
333
2916
8315
449
515
2110
96
9685
3585
3826
3450
6298
3286
2364
1583
5974
6614
3588
3760
7858
2143
8248
8604
3750
6517
9352
7017
1780
5572
4577
7659
427
7255
8252
3243
2722
9382
2283
4306
2986
8635
803
816
6914
3346
6367
4793
1786
8157
4326
9964
5886
548
1140
3998
946
4318
7978
4188
2088
4808
1708
7170
235
1932
3190
9005
5642
9063
8482
2735
3172
19
8459
4449
7746
150
762
6822
582
5429
5885
9144
2940
4004
7197
380
7516
1286
9254
5952
6061
951
8373
51
5429
6573
4599
9778
3947
7783
4771
4674
9047
2900
7623
2140
1632
3088
4619
9018
1303
5436
1170
4738
4292
9852
7441
2044
9870
755
4579
8539
1107
5770
9240
1284
6808
4644
5836
4718
5315
2411
6045
5675
6835
1653
7656
5611
1896
756
6178
1893
520
5366
2256
6931
3600
5050
5780
9845
8928
5507
6661
2359
5018
2539
1502
8907
2681
5087
5090
3869
3753
3929
9435
3243
555
633
9340
2619
9522
3989
8030
2183
3757
3050
6627
7
2949
3656
2722
9964
6616
2641
9118
5440
9765
6459
7192
5959
2336
5838
4466
308
8224
3858
8103
9856
566
5525
630
3504
2242
9998
3604
7535
1288
9059
4862
1388
4013
5014
9139
7843
9555
6325
2297
6724
5520
8177
562
3969
5553
3558
912
8747
240
5192
4038
9453
9815
9450
8326
403
1486
7382
9608
4146
5959
6931
2475
7266
5537
8119
5872
4619
7526
8886
541
6452
8426
1928
6312
9910
2916
2772
4016
8718
232
5016
3545
640
2657
1393
2044
1784
8911
8732
2925
5429
3779
4474
6345
5758
1338
5906
7387
1908
1037
449
2820
8061
143
2565
9532
5576
1888
7004
1438
8159
475
5401
2702
2779
9915
5573
4905
6949
8938
7763
1570
5493
8061
2634
2022
8682
8289
5779
6748
8164
3311
1533
666
4386
5989
4221
7447
3821
2402
4899
3078
8971
2865
8194
4841
8793
7498
7097
5908
4375
6749
6285
6363
4060
2549
8778
2903
7474
6548
7193
6507
4749
8848
5208
3468
8733
1584
4114
3001
6279
6854
5461
7843
4531
5394
8875
4210
1065
943
6088
9545
5106
6013
6824
3300
2262
6721
7671
1553
3715
7265
77
4324
492
4301
7897
8241
171
9327
5907
3252
646
2296
95
995
2792
926
1567
762
3314
7199
3080
7692
5997
9534
9969
5108
4245
9959
9514
684
3598
8271
1343
9055
9064
3917
3017
9792
3958
2018
7836
5175
9938
6050
885
5527
2949
3170
4999
9394
6785
2719
1896
7469
8061
4286
2220
148
5713
1836
5745
1279
6914
2471
9875
6730
9487
6992
5230
7502
3233
8842
2582
9505
929
5951
811
2742
107
6
8875
2215
406
5341
3244
7356
480
4330
8800
4019
3767
4914
4555
7224
8423
3145
5653
9225
4278
3945
1912
7956
5460
5480
9753
233
4310
9721
818
7454
4084
5440
1493
1310
7768
3962
3867
2976
9357
5933
9284
5694
5871
3890
3404
6639
414
2534
2525
1534
4
5968
6828
2639
2446
7660
2025
5306
3209
3901
580
5899
6660
91
1087
6924
2464
4637
8160
3349
5587
617
4209
1845
8402
2081
8595
7796
4825
176
4948
5118
860
3177
1122
2764
5249
7419
2684
5562
8911
9125
1577
3066
4419
647
7790
910
5003
4565
8435
404
83
6010
6802
3247
8917
1086
8469
5914
7801
2793
6034
3281
9994
6283
3297
2545
3994
8049
1413
470
4335
4254
8009
2344
4447
5163
3886
3145
2068
9178
4296
7872
6691
4220
4539
4304
5344
6478
3290
5009
6371
3827
3705
8634
3872
5057
9407
442
2226
4613
7422
7148
6997
7195
1469
8736
712
9989
1794
8335
8837
2006
32
759
9258
8242
6597
7886
7852
9732
6401
9142
7990
8426
6471
2932
9164
2069
3295
7770
3598
8873
4090
6994
6758
2808
878
8361
7116
5434
9055
6456
8593
6338
1069
996
4522
2186
8227
2404
9022
5173
7435
4480
999
2478
6578
1750
1778
750
7862
5406
8643
9968
2113
2470
9237
2737
8110
9098
4173
1923
6527
5258
9695
8892
6152
2477
3215
5011
3584
2891
7574
8286
9765
1250
1915
4893
2613
6669
5822
938
1161
2918
681
3137
719
6975
1657
3106
7088
7641
3530
4972
3599
404
6872
4389
208
679
2157
2691
5588
555
3642
6202
1494
7481
4752
7409
4062
6375
5196
2954
2021
5513
4941
1121
2946
2040
540
9259
9987
36
7843
9015
4296
1150
1476
8755
6813
2066
6528
4236
6676
3511
3246
6481
320
2688
611
9162
3915
5024
3742
6482
6717
7695
5509
9529
6400
340
7168
6831
3680
1832
5873
4624
5897
8070
363
5890
7620
1453
8078
4196
1848
2816
8233
4905
2957
763
5208
2949
6085
133
6769
1247
3231
9626
3771
29
7948
4785
2651
480
2426
6783
5972
5608
1502
7328
8546
6881
7219
5894
8606
3141
371
588
7426
3617
8635
6686
3388
9724
4649
312
1439
6638
7883
3131
935
2809
3740
6936
6430
1468
5701
8564
1568
685
1096
4928
7998
2732
8195
1354
4896
4391
2257
9901
8024
9127
6807
1576
4292
1896
4051
528
6629
2336
6568
8256
6558
6501
6329
9846
4896
3197
56
8376
5418
1987
523
5035
4122
6831
1827
2701
7560
8678
5890
8778
8453
6285
2464
9336
8606
5944
7943
3350
5041
4310
9936
6650
5398
9386
7500
5239
9951
6706
4090
6516
748
7107
7694
1350
797
5021
7854
474
3886
8298
4990
4618
4860
6615
1371
8702
9163
7740
4074
8012
772
4015
8108
599
909
5940
5099
2092
9496
9853
845
5345
5446
4451
2790
7738
5602
8711
4394
3099
4069
8435
5433
3798
4144
3168
2810
4101
9159
5102
2407
3903
7335
2267
9268
8574
994
2446
3528
9758
991
5388
5866
6827
6773
5838
8056
9598
2654
1310
7162
5859
3334
9477
3224
4895
6314
9360
1187
6774
5215
5849
5137
8554
9171
4951
2642
5958
347
2544
9445
893
1361
3565
7540
8365
7501
1911
841
2502
1655
6305
588
8562
3849
344
435
8428
2052
5302
5685
7626
8879
9605
8572
2485
8533
5181
5954
4731
6113
1057
3612
1334
9407
1659
8139
9907
3690
4617
8726
3015
8343
7832
5415
9645
4473
2537
168
9960
7292
9706
9243
5271
464
9864
6913
8696
1382
1149
318
636
147
2812
7073
3013
7657
5660
1994
1160
9862
8197
5280
6601
4149
6769
2847
725
9046
1531
3707
9417
5151
6515
8151
1909
6411
5907
8961
5356
560
4461
4778
1101
4057
1877
5155
7491
9684
4763
8719
3627
3851
1023
3964
3807
2099
739
2963
4299
4316
2427
3242
1831
7487
3020
4484
7254
3560
9711
5441
6001
9815
2820
1441
228
1162
7307
7439
8384
3895
5640
533
3952
4693
9221
8980
3456
1386
7233
3706
7359
3284
3825
3074
1733
9891
7807
2380
5503
417
9163
9251
8758
4470
3328
6781
6304
2045
8459
9146
9099
2928
6964
4985
4211
9631
7755
8214
7651
3209
9986
258
2760
2281
9169
7561
1749
1635
5569
5948
1021
990
5754
3654
2543
9257
6621
5208
8782
6564
1583
3178
1398
4174
4885
7989
8315
1064
7225
4608
234
9
5711
5664
3564
1911
5328
9671
6752
6659
3590
2655
5165
7098
9915
4045
4773
2786
7848
9762
7830
6370
6829
2428
6197
2251
2642
1321
3387
6799
4413
5289
7687
1765
6502
8900
1670
9750
9761
8124
5666
1105
4109
7797
6678
2996
6118
3050
6801
1554
7857
480
9182
1122
4650
2191
264
4794
2294
4941
8792
4369
6808
22
6796
5976
